064x12 01 2.7000 0.3680 0.33813E-05 0.27232E-07 0.21720E-06 0.58633E-09 0.10055E-03 0.52103E-06
064x12 01 2.7000 0.3690 0.33465E-05 0.23240E-07 0.21667E-06 0.57403E-09 0.99692E-04 0.41407E-06
064x12 01 2.7000 0.3700 0.32601E-05 0.24116E-07 0.21636E-06 0.61683E-09 0.98979E-04 0.41529E-06
064x12 01 2.7000 0.3660 0.34889E-05 0.24055E-07 0.21913E-06 0.59729E-09 0.10170E-03 0.44712E-06
064x12 01 2.7000 0.3650 0.34792E-05 0.26566E-07 0.21802E-06 0.54145E-09 0.10090E-03 0.45074E-06
064x12 01 2.7000 0.3600 0.39796E-05 0.38161E-07 0.22149E-06 0.59656E-09 0.10747E-03 0.57280E-06
064x12 01 2.7000 0.3550 0.34175E-05 0.42866E-07 0.22262E-06 0.53067E-09 0.99504E-04 0.66786E-06
064x12 01 2.7000 0.3560 0.40216E-05 0.55246E-07 0.22424E-06 0.57911E-09 0.10802E-03 0.84386E-06
064x12 01 2.7000 0.3570 0.42991E-05 0.64860E-07 0.22435E-06 0.71257E-09 0.11196E-03 0.94069E-06
064x12 01 2.7000 0.3580 0.41568E-05 0.48675E-07 0.22273E-06 0.56944E-09 0.10979E-03 0.71019E-06
064x12 01 2.7000 0.3590 0.40621E-05 0.45581E-07 0.22303E-06 0.63223E-09 0.10890E-03 0.67152E-06
064x12 01 2.7000 0.3620 0.38205E-05 0.35462E-07 0.22010E-06 0.61719E-09 0.10542E-03 0.55244E-06
064x12 01 2.7000 0.3630 0.36952E-05 0.34526E-07 0.22022E-06 0.56118E-09 0.10405E-03 0.55363E-06
064x12 01 2.7000 0.3640 0.36298E-05 0.31762E-07 0.21979E-06 0.70476E-09 0.10316E-03 0.55312E-06
064x12 01 2.7000 0.3610 0.38897E-05 0.37516E-07 0.22000E-06 0.68351E-09 0.10598E-03 0.58542E-06
064x12 01 2.7000 0.3670 0.34280E-05 0.25534E-07 0.21794E-06 0.57711E-09 0.10090E-03 0.42806E-06
064x12 02 2.7000 0.3620 0.37685E-05 0.23456E-07 0.22028E-06 0.48930E-09 0.10490E-03 0.37849E-06
064x12 02 2.7000 0.3640 0.36154E-05 0.22309E-07 0.21883E-06 0.46964E-09 0.10289E-03 0.33596E-06
064x12 02 2.7000 0.3590 0.41386E-05 0.35377E-07 0.22269E-06 0.41611E-09 0.10962E-03 0.51247E-06
064x12 03 2.7000 0.3590 0.40691E-05 0.38299E-07 0.22210E-06 0.45821E-09 0.10870E-03 0.54813E-06
064x12 02 2.7000 0.3580 0.42164E-05 0.92437E-08 0.22333E-06 0.26148E-09 0.11072E-03 0.17480E-06
064x12 01 2.7000 0.3570 0.42374E-05 0.18831E-07 0.22383E-06 0.48912E-09 0.11109E-03 0.32463E-06
064x12 02 2.7000 0.3570 0.42287E-05 0.21058E-07 0.22404E-06 0.44083E-09 0.11095E-03 0.34091E-06
064x12 03 2.7000 0.3570 0.42709E-05 0.23187E-07 0.22409E-06 0.45977E-09 0.11165E-03 0.37805E-06
