064x12 01 2.6000 0.3710 0.34414E-05 0.24700E-07 0.24654E-06 0.61578E-09 0.10706E-03 0.40825E-06
064x12 01 2.6000 0.3720 0.33650E-05 0.25074E-07 0.24660E-06 0.62676E-09 0.10642E-03 0.42681E-06
064x12 01 2.6000 0.3730 0.33393E-05 0.22585E-07 0.24520E-06 0.75278E-09 0.10570E-03 0.43815E-06
064x12 01 2.6000 0.3750 0.32173E-05 0.21044E-07 0.24299E-06 0.65668E-09 0.10383E-03 0.43277E-06
064x12 01 2.6000 0.3760 0.31310E-05 0.23331E-07 0.24227E-06 0.72084E-09 0.10246E-03 0.41459E-06
064x12 01 2.6000 0.3770 0.31357E-05 0.16555E-07 0.24219E-06 0.75283E-09 0.10311E-03 0.34672E-06
064x12 01 2.6000 0.3600 0.37233E-05 0.54634E-07 0.25780E-06 0.70967E-09 0.11306E-03 0.89931E-06
064x12 01 2.6000 0.3550 0.16006E-05 0.86261E-08 0.24926E-06 0.68450E-09 0.79007E-04 0.26942E-06
064x12 01 2.6000 0.3670 0.36670E-05 0.27824E-07 0.25002E-06 0.65459E-09 0.11008E-03 0.48386E-06
064x12 01 2.6000 0.3680 0.35969E-05 0.25137E-07 0.24872E-06 0.67686E-09 0.10909E-03 0.48714E-06
064x12 01 2.6000 0.3690 0.35276E-05 0.26278E-07 0.24826E-06 0.76010E-09 0.10851E-03 0.49583E-06
064x12 01 2.6000 0.3660 0.38386E-05 0.39043E-07 0.24952E-06 0.66661E-09 0.11247E-03 0.66082E-06
064x12 01 2.6000 0.3650 0.39182E-05 0.42428E-07 0.25194E-06 0.66433E-09 0.11396E-03 0.67078E-06
064x12 01 2.6000 0.3700 0.34654E-05 0.28728E-07 0.24718E-06 0.72104E-09 0.10736E-03 0.48942E-06
064x12 01 2.6000 0.3640 0.41749E-05 0.53033E-07 0.25373E-06 0.74784E-09 0.11817E-03 0.82061E-06
064x12 01 2.6000 0.3630 0.42330E-05 0.52990E-07 0.25516E-06 0.93901E-09 0.11932E-03 0.96320E-06
064x12 01 2.6000 0.3620 0.44983E-05 0.59386E-07 0.25870E-06 0.79689E-09 0.12437E-03 0.97406E-06
064x12 01 2.6000 0.3610 0.43201E-05 0.70249E-07 0.26101E-06 0.92762E-09 0.12287E-03 0.11868E-05
064x12 02 2.6000 0.3690 0.35489E-05 0.21406E-07 0.24813E-06 0.46249E-09 0.10871E-03 0.36528E-06
064x12 02 2.6000 0.3700 0.35230E-05 0.20491E-07 0.24649E-06 0.51057E-09 0.10794E-03 0.36556E-06
064x12 03 2.6000 0.3690 0.35931E-05 0.21269E-07 0.24839E-06 0.47533E-09 0.10922E-03 0.37921E-06
064x12 02 2.6000 0.3635 0.41863E-05 0.78460E-08 0.25513E-06 0.26466E-09 0.11880E-03 0.17143E-06
064x12 01 2.6000 0.3625 0.43853E-05 0.20374E-07 0.25719E-06 0.50929E-09 0.12219E-03 0.39037E-06
064x12 02 2.6000 0.3625 0.44059E-05 0.20395E-07 0.25723E-06 0.52098E-09 0.12245E-03 0.37668E-06
064x12 03 2.6000 0.3625 0.43758E-05 0.17679E-07 0.25738E-06 0.47738E-09 0.12201E-03 0.34747E-06
