064x12 01 2.3000 0.4010 0.36744E-05 0.26031E-07 0.48358E-06 0.18736E-08 0.18079E-03 0.10937E-05
064x12 01 2.3000 0.4060 0.29931E-05 0.15962E-07 0.42441E-06 0.12155E-08 0.14870E-03 0.57244E-06
064x12 01 2.3000 0.4110 0.27364E-05 0.13330E-07 0.40042E-06 0.11620E-08 0.13671E-03 0.57340E-06
064x12 01 2.3000 0.4020 0.34127E-05 0.22740E-07 0.46579E-06 0.16416E-08 0.16953E-03 0.83297E-06
064x12 02 2.3000 0.4050 0.30979E-05 0.12612E-07 0.43227E-06 0.92093E-09 0.15309E-03 0.48258E-06
064x12 02 2.3000 0.4060 0.30247E-05 0.11196E-07 0.42636E-06 0.84423E-09 0.14966E-03 0.40046E-06
064x12 02 2.3000 0.4070 0.29338E-05 0.10579E-07 0.41870E-06 0.76683E-09 0.14583E-03 0.38252E-06
064x12 02 2.3000 0.4080 0.28772E-05 0.10561E-07 0.41257E-06 0.89656E-09 0.14285E-03 0.38712E-06
064x12 02 2.3000 0.4100 0.27619E-05 0.98513E-08 0.40224E-06 0.83376E-09 0.13762E-03 0.39564E-06
064x12 03 2.3000 0.4070 0.29460E-05 0.98303E-08 0.41736E-06 0.90228E-09 0.14549E-03 0.37837E-06
064x12 02 2.3000 0.4040 0.32100E-05 0.13265E-07 0.44081E-06 0.10600E-08 0.15779E-03 0.53610E-06
064x12 03 2.3000 0.4050 0.30966E-05 0.11246E-07 0.43139E-06 0.93232E-09 0.15258E-03 0.43368E-06
064x12 03 2.3000 0.4030 0.33074E-05 0.13454E-07 0.45051E-06 0.95270E-09 0.16275E-03 0.51027E-06
064x12 04 2.3000 0.4030 0.33179E-05 0.14381E-07 0.45112E-06 0.92050E-09 0.16305E-03 0.51882E-06
064x12 01 2.3000 0.4055 0.30689E-05 0.52796E-08 0.42747E-06 0.86240E-09 0.15084E-03 0.30486E-06
