064x12 01 2.8000 0.3630 0.34893E-05 0.24914E-07 0.19456E-06 0.60062E-09 0.96613E-04 0.41778E-06
064x12 01 2.8000 0.3550 0.41260E-05 0.50568E-07 0.19915E-06 0.60238E-09 0.10396E-03 0.72566E-06
064x12 01 2.8000 0.3500 0.25571E-05 0.27547E-07 0.19816E-06 0.46995E-09 0.83900E-04 0.41314E-06
064x12 01 2.8000 0.3580 0.37954E-05 0.43846E-07 0.19675E-06 0.58019E-09 0.99746E-04 0.60905E-06
064x12 01 2.8000 0.3590 0.37580E-05 0.33703E-07 0.19726E-06 0.52008E-09 0.99952E-04 0.49152E-06
064x12 01 2.8000 0.3600 0.36443E-05 0.32014E-07 0.19634E-06 0.61383E-09 0.98352E-04 0.46505E-06
064x12 01 2.8000 0.3570 0.39521E-05 0.35792E-07 0.19845E-06 0.50334E-09 0.10221E-03 0.49772E-06
064x12 01 2.8000 0.3610 0.35853E-05 0.28756E-07 0.19702E-06 0.57211E-09 0.98272E-04 0.50500E-06
064x12 01 2.8000 0.3560 0.39678E-05 0.43311E-07 0.19824E-06 0.51624E-09 0.10205E-03 0.60586E-06
064x12 01 2.8000 0.3620 0.35290E-05 0.25459E-07 0.19685E-06 0.46671E-09 0.97551E-04 0.35942E-06
064x12 01 2.8000 0.3540 0.42372E-05 0.57606E-07 0.19927E-06 0.57868E-09 0.10544E-03 0.77606E-06
064x12 01 2.8000 0.3640 0.34854E-05 0.22665E-07 0.19594E-06 0.53229E-09 0.97643E-04 0.37768E-06
064x12 01 2.8000 0.3530 0.41088E-05 0.57773E-07 0.20020E-06 0.48644E-09 0.10378E-03 0.77488E-06
064x12 02 2.8000 0.3580 0.38617E-05 0.22145E-07 0.19728E-06 0.40357E-09 0.10087E-03 0.32211E-06
064x12 02 2.8000 0.3590 0.37312E-05 0.23093E-07 0.19711E-06 0.36565E-09 0.99551E-04 0.31654E-06
064x12 02 2.8000 0.3600 0.36631E-05 0.19630E-07 0.19667E-06 0.36515E-09 0.98930E-04 0.30484E-06
064x12 02 2.8000 0.3560 0.40382E-05 0.29027E-07 0.19853E-06 0.44121E-09 0.10315E-03 0.40610E-06
064x12 02 2.8000 0.3610 0.36009E-05 0.21592E-07 0.19574E-06 0.37612E-09 0.98002E-04 0.31402E-06
064x12 01 2.8000 0.3520 0.37261E-05 0.19509E-07 0.20003E-06 0.35903E-09 0.98929E-04 0.27521E-06
064x12 01 2.8000 0.3530 0.41171E-05 0.19354E-07 0.19914E-06 0.39957E-09 0.10345E-03 0.27280E-06
064x12 02 2.8000 0.3530 0.40855E-05 0.21288E-07 0.19929E-06 0.33737E-09 0.10315E-03 0.32803E-06
064x12 03 2.8000 0.3530 0.41525E-05 0.19498E-07 0.19940E-06 0.35000E-09 0.10396E-03 0.32576E-06
