   1.0     2.14741        0.769000E-03
   2.0    0.861323        0.181800E-02
   3.0    0.553943        0.304700E-02
   4.0    0.484727        0.459900E-02
   5.0    0.466802        0.794900E-02
   6.0    0.489631        0.160770E-01
   7.0    0.442888        0.226730E-01
   8.0    0.433472        0.350850E-01
   9.0    0.542677        0.556080E-01
  10.0    0.368624        0.874930E-01
  11.0    0.531276        0.113459    
  12.0    0.745719        0.254230    
  13.0    0.282103        0.380805    
