#  bet     kap     wm      wme    qw    hm      hme    qh    rat     re     qr:
#  2.8000  0.3530  0.3115  0.0290 0.90  0.2563  0.0156 0.17  0.8175  0.0790 0.42
  2.8000  0.3600  0.2661  0.0052 0.59  0.5390  0.0150 0.52  2.0250  0.0670 0.84
  2.8000  0.3580  0.2772  0.0052 0.70  0.4605  0.0200 0.70  1.6600  0.0785 0.62
  2.8000  0.3630  0.2718  0.0034 0.48  0.6305  0.0135 0.96  2.3190  0.0525 0.63
  2.8000  0.3610  0.2872  0.0045 0.30  0.5440  0.0240 0.72  1.8940  0.0845 0.46
  2.8000  0.3560  0.2959  0.0069 0.68  0.4125  0.0165 0.97  1.3920  0.0600 0.80
  2.8000  0.3620  0.2655  0.0050 0.99  0.5775  0.0205 0.97  2.1745  0.0860 0.98
#  2.8000  0.3570  0.3083  0.0065 0.78  0.4035  0.0190 0.74  1.3095  0.0620 0.64
#  2.8000  0.3540  0.3015  0.0195 0.80  0.3246  0.0095 0.99  1.0725  0.0695 0.83
#  2.8000  0.3550  0.3680  0.0112 0.08  0.3430  0.0155 0.11  0.9355  0.0475 0.01 S
