           0   360.29858700771592     
           1   359.96550505589727     
           2   359.89394011352078     
           3   359.86368741764164     
           4   359.84897825123943     
           5   359.84237447564988     
           6   359.83811398144815     
           7   359.83596676219355     
           8   359.83284257753911     
           9   359.83451549603222     
          10   359.83448390965714     
          11   359.83640220067662     
          12   359.83439115987125     
          13   359.83405893904143     
          14   359.83225725368055     
          15   359.83186979145029     
          16   359.83259024316504     
          17   359.83503665412974     
          18   359.83464995720942     
          19   359.83300663916089     
          20   359.83222345837379     
          21   359.83219734580842     
          22   359.83126110100886     
          23   359.83026264502666     
          24   359.83248637619846     
          25   359.83325416059716     
          26   359.83312033329145     
          27   359.83357424472143     
          28   359.83427990691911     
          29   359.83493379621103     
          30   359.83383732842003     
          31   359.83431767679133     
          32   179.91703816088085     
