1000000    1000 1.39   19
1000000     100 1.01   92
1000000      10 0.98   10
1000000    1778 1.39   10
1000000     178 1.02    8
1000000      18 0.98   18
1000000     316 1.08    8
1000000      32 1.15   32
1000000     563 1.26   10
1000000      56 0.99   50
 100000   10000 1.48    9
 100000    1000 1.32    8
 100000     100 1.03   84
 100000      10 0.99   10
 100000   17783 1.50   17
 100000    1778 1.40    9
 100000     178 1.08    8
 100000      18 0.96   18
 100000    3162 1.39    9
 100000     316 1.10    9
 100000      32 1.27   32
 100000    5623 1.41    9
 100000     563 1.29    9
 100000      56 1.01   50
  10000  100000 1.45   10
  10000   10000 1.40    9
  10000    1000 1.33    8
  10000     100 1.15   10
  10000      10 1.00   10
  10000  177828 1.57   16
  10000   17783 1.47    9
  10000    1778 1.39    9
  10000     178 1.22    9
  10000      18 1.20   18
  10000   31622 1.46   10
  10000    3162 1.45   10
  10000     316 1.30   18
  10000      32 1.28   27
  10000   56234 1.63   10
  10000    5623 1.44   10
  10000     563 1.32   10
  10000      56 1.19   25
   1000 1000000 1.57   10
   1000  100000 1.44    9
   1000   10000 1.47   10
   1000    1000 1.37    9
   1000     100 1.23   23
   1000      10 1.35    7
   1000  177828 1.46   10
   1000   17783 1.46   10
   1000    1778 1.37   19
   1000     178 1.30   25
   1000      18 1.12   12
   1000  316227 1.45   10
   1000   31622 1.46   16
   1000    3162 1.37   19
   1000     316 1.32    8
   1000      32 1.57   30
   1000  562341 1.45   10
   1000   56234 1.49   10
   1000    5623 1.43    9
   1000     563 1.43   22
   1000      56 1.20   32
    100 1000000 1.47   10
    100  100000 1.52   10
    100   10000 1.42   21
    100    1000 1.49   27
    100     100 1.84    6
    100      10 1.67    5
    100  177828 1.51   10
    100   17783 1.41   19
    100    1778 1.42   21
    100     178 1.68   26
    100      18 1.60   10
    100  316227 1.48   10
    100   31622 1.39   22
    100    3162 1.40   24
    100     316 1.52   27
    100      32 1.50   17
    100  562341 1.48   10
    100   56234 1.55    9
    100    5623 1.45   29
    100     563 1.47   25
    100      56 1.86   52
     10 1000000 1.47   10
     10  100000 1.38   10
     10   10000 1.57   21
     10    1000 1.77   91
     10     100 1.67   20
     10      10 1.00    4
     10  177828 1.36   10
     10   17783 1.39   32
     10    1778 1.78   19
     10     178 1.80   11
     10      18 1.00    1
     10  316227 1.36   10
     10   31622 1.49   37
     10    3162 1.53   19
     10     316 1.83   18
     10      32 1.00    6
     10  562341 1.44   15
     10   56234 1.41   19
     10    5623 1.54   23
     10     563 1.95   41
     10      56 1.50    4
 177828   10000 1.49   13
 177828    1000 1.34    9
 177828     100 1.02   91
 177828      10 0.98   10
 177828    1778 1.36    9
 177828     178 1.05    9
 177828      18 0.97   18
 177828    3162 1.46   18
 177828     316 1.11   10
 177828      32 1.19   31
 177828    5623 1.51   13
 177828     563 1.25    9
 177828      56 1.01   37
  17783  100000 1.81   16
  17783   10000 1.45   10
  17783    1000 1.34    6
  17783     100 1.14    9
  17783      10 0.93   10
  17783   17783 1.47    9
  17783    1778 1.40    9
  17783     178 1.21   14
  17783      18 0.97   18
  17783   31622 1.52   14
  17783    3162 1.43   13
  17783     316 1.19    9
  17783      32 1.29   16
  17783   56234 1.82   12
  17783    5623 1.42    8
  17783     563 1.27   10
  17783      56 1.16   33
   1778 1000000 1.58    9
   1778  100000 1.50    9
   1778   10000 1.47   10
   1778    1000 1.34    8
   1778     100 1.20   12
   1778      10 0.90    8
   1778  177828 1.47   10
   1778   17783 1.47    9
   1778    1778 1.36   20
   1778     178 1.25    9
   1778      18 1.11   16
   1778  316227 1.53   10
   1778   31622 1.43    9
   1778    3162 1.43   10
   1778     316 1.42    9
   1778      32 1.40   30
   1778  562341 1.54   10
   1778   56234 1.48   10
   1778    5623 1.45   10
   1778     563 1.36   10
   1778      56 1.22   24
    178 1000000 1.43    9
    178  100000 1.46    9
    178   10000 1.38   19
    178    1000 1.46   23
    178     100 1.68   15
    178      10 0.86    6
    178  177828 1.48   15
    178   17783 1.39   22
    178    1778 1.39   10
    178     178 1.50   56
    178      18 1.30   17
    178  316227 1.45   10
    178   31622 1.48   10
    178    3162 1.51   25
    178     316 1.49   23
    178      32 1.95   12
    178  562341 1.45   10
    178   56234 1.49   10
    178    5623 1.40   18
    178     563 1.70   22
    178      56 1.50   12
     18 1000000 1.45   10
     18  100000 1.38   18
     18   10000 1.45   10
     18    1000 1.87   64
     18     100 1.80   12
     18      10 1.00    4
     18  177828 1.40   28
     18   17783 1.40   14
     18    1778 1.63   17
     18     178 1.50   17
     18      18 1.00    4
     18  316227 1.46    9
     18   31622 1.45   23
     18    3162 1.42   27
     18     316 1.79  100
     18      32 1.50   29
     18  562341 1.45   10
     18   56234 1.40   19
     18    5623 1.55   20
     18     563 1.93   52
     18      56 1.67   18
 316227    1000 1.32    8
 316227     100 1.02   98
 316227      10 0.97   10
 316227    1778 1.37    9
 316227     178 1.01    7
 316227      18 0.99   18
 316227    3162 1.37    9
 316227     316 1.05    9
 316227      32 1.16   32
 316227    5623 1.44    9
 316227     563 1.25   15
 316227      56 1.01   56
  31622   10000 1.45   10
  31622    1000 1.34    9
  31622     100 1.14   10
  31622      10 0.99   10
  31622   17783 1.48    5
  31622    1778 1.40   10
  31622     178 1.12   10
  31622      18 0.97   18
  31622   31622 1.44    8
  31622    3162 1.43   10
  31622     316 1.10   10
  31622      32 1.30   32
  31622   56234 1.52   10
  31622    5623 1.45   10
  31622     563 1.25    9
  31622      56 1.13   37
   3162  100000 1.50    6
   3162   10000 1.47   10
   3162    1000 1.36   22
   3162     100 1.15    9
   3162      10 1.09    6
   3162  177828 1.57    7
   3162   17783 1.48   10
   3162    1778 1.40   10
   3162     178 1.27    8
   3162      18 1.04   17
   3162  316227 1.52   16
   3162   31622 1.46   10
   3162    3162 1.44   10
   3162     316 1.29    8
   3162      32 1.33   26
   3162  562341 1.61   16
   3162   56234 1.50   10
   3162    5623 1.42    9
   3162     563 1.33   19
   3162      56 1.20   23
    316 1000000 1.42    9
    316  100000 1.47   15
    316   10000 1.39   21
    316    1000 1.41   10
    316     100 1.39    9
    316      10 1.80    4
    316  177828 1.45   10
    316   17783 1.46   10
    316    1778 1.47   26
    316     178 1.36   12
    316      18 1.80   18
    316  316227 1.45   10
    316   31622 1.46   16
    316    3162 1.39   25
    316     316 1.34   23
    316      32 1.47    4
    316  562341 1.45   10
    316   56234 1.51    9
    316    5623 1.40   22
    316     563 1.39   27
    316      56 1.72   33
     32 1000000 1.42    9
     32  100000 1.38   21
     32   10000 1.39   10
     32    1000 1.69   23
     32     100 1.50   10
     32      10 0.50    4
     32  177828 1.46   20
     32   17783 1.39   23
     32    1778 1.48   22
     32     178 1.35    9
     32      18 1.50   16
     32  316227 1.45   10
     32   31622 1.47   23
     32    3162 1.53    9
     32     316 1.94    7
     32      32 1.67   23
     32  562341 1.45   11
     32   56234 1.42   26
     32    5623 1.39   37
     32     563 1.77   15
     32      56 1.80   18
 562341    1000 1.43   14
 562341     100 1.01   95
 562341      10 0.99   10
 562341    1778 1.38    9
 562341     178 1.03    9
 562341      18 0.99   18
 562341    3162 1.49    8
 562341     316 1.12   10
 562341      32 1.12   32
 562341     563 1.29   10
 562341      56 0.99   39
  56234   10000 1.51    8
  56234    1000 1.38   15
  56234     100 1.01   91
  56234      10 0.98   10
  56234   17783 1.66   14
  56234    1778 1.39    8
  56234     178 1.03   10
  56234      18 0.98   18
  56234   31622 1.52    9
  56234    3162 1.42   10
  56234     316 1.10   10
  56234      32 1.28   32
  56234    5623 1.43    9
  56234     563 1.27   10
  56234      56 1.12   28
   5623  100000 1.49   10
   5623   10000 1.47   10
   5623    1000 1.38   10
   5623     100 1.22   19
   5623      10 0.97   10
   5623  177828 1.58   11
   5623   17783 1.41   10
   5623    1778 1.35   10
   5623     178 1.30   23
   5623      18 0.98   18
   5623  316227 1.47   10
   5623   31622 1.47   10
   5623    3162 1.38    9
   5623     316 1.27    7
   5623      32 1.35   32
   5623   56234 1.44   10
   5623    5623 1.41    9
   5623     563 1.34   22
   5623      56 1.16   33
    563 1000000 1.53    7
    563  100000 1.45   10
    563   10000 1.42   17
    563    1000 1.49   22
    563     100 1.21   10
    563      10 1.44    5
    563  177828 1.45   10
    563   17783 1.45   10
    563    1778 1.39    9
    563     178 1.37   19
    563      18 1.00    9
    563  316227 1.45   10
    563   31622 1.47   10
    563    3162 1.37    8
    563     316 1.33   18
    563      32 1.60   30
    563  562341 1.45   10
    563   56234 1.48   10
    563    5623 1.39   10
    563     563 1.37   10
    563      56 1.52   20
     56 1000000 1.38   10
     56  100000 1.52   13
     56   10000 1.48   26
     56    1000 1.48   32
     56     100 1.65    3
     56      10 0.33    1
     56  177828 1.48   10
     56   17783 1.41   10
     56    1778 1.42   22
     56     178 1.89   27
     56      18 1.67    7
     56  316227 1.47    8
     56   31622 1.47   13
     56    3162 1.48    9
     56     316 1.88   22
     56      32 1.80   13
     56  562341 1.44   14
     56   56234 1.38   20
     56    5623 1.40   10
     56     563 1.52   10
     56      56 1.50   37
