  2.9000  0.3590 0.26271E-05 0.86231E-07
  2.9000  0.3540 0.27095E-05 0.72790E-07
  2.9000  0.3490 0.26101E-05 0.10749E-06
  3.0000  0.3540 0.25995E-05 0.70254E-07
  3.0000  0.3500 0.26697E-05 0.85126E-07
  3.0000  0.3460 0.24918E-05 0.89736E-07
  2.4000  0.3860 0.37433E-05 0.12519E-06
  2.4000  0.3845 0.39193E-05 0.83389E-07
  2.6000  0.3635 0.32995E-05 0.47689E-07
  2.6000  0.3625 0.33915E-05 0.10746E-06
  2.7000  0.3580 0.30747E-05 0.48759E-07
  2.7000  0.3570 0.30979E-05 0.10391E-06
  2.5000  0.3715 0.35777E-05 0.80060E-07
  2.8000  0.3520 0.27439E-05 0.75306E-07
  2.8000  0.3530 0.28855E-05 0.90158E-07
  2.3000  0.4055 0.41889E-05 0.84962E-07
