0.980 9.28383252198190530180e+03
0.981 9.30504986191509669879e+03
0.982 9.32629200165793918131e+03
0.983 9.34755888465109637764e+03
0.984 9.36885045270696537045e+03
0.985 9.39016644623415413662e+03
0.986 9.41150716706696948677e+03
0.987 9.43287239845347721712e+03
0.988 9.45426208022457103652e+03
0.989 9.47567809716293413658e+03
0.990 9.49711649804823173326e+03
0.991 9.51857917147129774094e+03
0.992 9.54006613388740515802e+03
0.993 9.56157712203750816116e+03
0.994 9.58311220990176298073e+03
0.995 9.60467131001280904457e+03
0.996 9.62625435271671631199e+03
0.997 9.64786126044719640049e+03
0.998 9.66949196975115773967e+03
0.999 9.69114639293648178864e+03
1.000 9.71282449175584588374e+03
1.001 9.73452611303021694766e+03
1.002 9.75625125031834613765e+03
1.003 9.77799981783674047620e+03
1.004 9.79977173874613436055e+03
1.005 9.82156682434240428847e+03
1.006 9.84338501993223508180e+03
1.007 9.86522611259491168312e+03
1.008 9.88709044529348830110e+03
1.009 9.90897752079146084725e+03
1.010 9.93088745369641947036e+03
1.011 9.95282005859957826033e+03
1.012 9.97477520840896249865e+03
1.013 9.99675285127634197124e+03
1.014 1.00187528039424378221e+04
1.015 1.00407750044977401558e+04
1.016 1.00628115940011193743e+04
1.017 1.00848779826033332938e+04
1.018 1.01069662415525253891e+04
1.019 1.01290762607078850124e+04
1.020 1.01512078289663604664e+04
1.021 1.01733606691197655891e+04
1.022 1.01955264698335904541e+04
1.023 1.02177223236073423323e+04
1.024 1.02399396590049800579e+04
1.025 1.02621777286607248243e+04
1.026 1.02844367035724080779e+04
1.027 1.03067164414501276042e+04
1.028 1.03290168399387148384e+04
1.029 1.03513377285568167281e+04
1.030 1.03736781921838410199e+04
1.031 1.03960387789637989044e+04
1.032 1.04184203439893681207e+04
1.033 1.04408219127750871849e+04
1.034 1.04632433601733519026e+04
1.035 1.04856845470861735521e+04
1.036 1.05081453573594189947e+04
1.037 1.05306256594221449632e+04
1.038 1.05531253206306791981e+04
1.039 1.05756442123793003702e+04
1.040 1.05981826731317160011e+04
