# lattsize beta kappa njob	L	Le	P	Pe	s	se
064x12 01  2.3000  0.4010 0.29652E+00 0.13125E-04 0.38199E+00 0.30681E-05 0.85282E+01 0.81653E-04
064x12 01  2.3000  0.4060 0.31104E+00 0.93920E-05 0.37990E+00 0.20920E-05 0.84803E+01 0.56824E-04
064x12 01  2.3000  0.4110 0.32370E+00 0.83766E-05 0.37826E+00 0.16909E-05 0.84437E+01 0.47047E-04
064x12 01  2.3000  0.4020 0.29970E+00 0.11167E-04 0.38150E+00 0.24398E-05 0.85169E+01 0.66132E-04
064x12 02  2.3000  0.4050 0.30835E+00 0.75195E-05 0.38026E+00 0.15534E-05 0.84886E+01 0.43705E-04
064x12 02  2.3000  0.4060 0.31105E+00 0.72061E-05 0.37990E+00 0.14041E-05 0.84803E+01 0.40468E-04
064x12 02  2.3000  0.4070 0.31369E+00 0.57189E-05 0.37954E+00 0.13585E-05 0.84723E+01 0.34641E-04
064x12 02  2.3000  0.4080 0.31628E+00 0.65434E-05 0.37920E+00 0.14747E-05 0.84647E+01 0.39309E-04
064x12 02  2.3000  0.4100 0.32127E+00 0.63977E-05 0.37857E+00 0.13209E-05 0.84504E+01 0.36823E-04
064x12 03  2.3000  0.4070 0.31370E+00 0.58970E-05 0.37954E+00 0.13111E-05 0.84723E+01 0.34741E-04
064x12 02  2.3000  0.4040 0.30556E+00 0.73882E-05 0.38065E+00 0.15766E-05 0.84974E+01 0.43421E-04
064x12 03  2.3000  0.4050 0.30835E+00 0.69324E-05 0.38026E+00 0.16343E-05 0.84886E+01 0.43029E-04
064x12 03  2.3000  0.4030 0.30269E+00 0.81969E-05 0.38106E+00 0.18051E-05 0.85068E+01 0.49132E-04
064x12 04  2.3000  0.4030 0.30267E+00 0.77917E-05 0.38106E+00 0.17918E-05 0.85069E+01 0.47508E-04
064x08 01  2.3000  0.4090 0.31855E+00 0.14948E-04 0.37883E+00 0.31539E-05 0.84576E+01 0.86089E-04
064x12 01  2.6000  0.3710 0.26505E+00 0.16999E-04 0.32567E+00 0.13483E-05 0.82619E+01 0.67824E-04
064x12 01  2.6000  0.3720 0.26806E+00 0.13195E-04 0.32551E+00 0.13841E-05 0.82563E+01 0.55193E-04
064x12 01  2.6000  0.3730 0.27102E+00 0.11450E-04 0.32536E+00 0.13531E-05 0.82509E+01 0.50175E-04
064x12 01  2.6000  0.3750 0.27677E+00 0.12052E-04 0.32506E+00 0.13748E-05 0.82406E+01 0.52260E-04
064x12 01  2.6000  0.3760 0.27963E+00 0.11321E-04 0.32491E+00 0.10941E-05 0.82355E+01 0.46720E-04
064x12 01  2.6000  0.3770 0.28240E+00 0.12249E-04 0.32476E+00 0.12226E-05 0.82306E+01 0.51141E-04
064x12 01  2.6000  0.3600 0.22695E+00 0.38115E-04 0.32779E+00 0.31347E-05 0.83398E+01 0.15642E-03
064x12 01  2.6000  0.3550 0.21692E+00 0.96517E-05 0.32827E+00 0.12282E-05 0.83450E+01 0.41213E-04
064x12 01  2.6000  0.3670 0.25245E+00 0.17904E-04 0.32634E+00 0.13741E-05 0.82858E+01 0.70235E-04
064x12 01  2.6000  0.3680 0.25572E+00 0.15991E-04 0.32617E+00 0.13246E-05 0.82794E+01 0.62702E-04
064x12 01  2.6000  0.3690 0.25886E+00 0.14997E-04 0.32600E+00 0.12553E-05 0.82735E+01 0.59459E-04
064x12 01  2.6000  0.3660 0.24913E+00 0.22382E-04 0.32652E+00 0.18408E-05 0.82923E+01 0.91235E-04
064x12 01  2.6000  0.3650 0.24573E+00 0.20992E-04 0.32671E+00 0.19574E-05 0.82991E+01 0.87854E-04
064x12 01  2.6000  0.3700 0.26201E+00 0.15102E-04 0.32583E+00 0.13833E-05 0.82675E+01 0.61307E-04
064x12 01  2.6000  0.3640 0.24216E+00 0.24872E-04 0.32690E+00 0.18542E-05 0.83065E+01 0.98915E-04
064x12 01  2.6000  0.3630 0.23843E+00 0.28942E-04 0.32711E+00 0.21571E-05 0.83146E+01 0.11577E-03
064x12 01  2.6000  0.3620 0.23459E+00 0.36056E-04 0.32734E+00 0.26295E-05 0.83231E+01 0.14400E-03
064x12 01  2.6000  0.3610 0.23062E+00 0.37671E-04 0.32757E+00 0.31130E-05 0.83320E+01 0.15574E-03
064x12 02  2.6000  0.3690 0.25889E+00 0.11525E-04 0.32600E+00 0.10204E-05 0.82734E+01 0.47012E-04
064x12 02  2.6000  0.3700 0.26203E+00 0.10841E-04 0.32583E+00 0.11278E-05 0.82674E+01 0.46263E-04
064x12 03  2.6000  0.3690 0.25888E+00 0.12211E-04 0.32600E+00 0.10463E-05 0.82734E+01 0.48850E-04
064x12 01  2.7000  0.3680 0.26679E+00 0.13208E-04 0.31078E+00 0.12147E-05 0.81931E+01 0.53384E-04
064x12 01  2.7000  0.3690 0.26973E+00 0.14970E-04 0.31065E+00 0.10594E-05 0.81883E+01 0.56001E-04
064x12 01  2.7000  0.3700 0.27265E+00 0.12980E-04 0.31052E+00 0.11971E-05 0.81834E+01 0.52526E-04
064x12 01  2.7000  0.3660 0.26072E+00 0.14872E-04 0.31104E+00 0.10972E-05 0.82034E+01 0.54453E-04
064x12 01  2.7000  0.3650 0.25760E+00 0.14342E-04 0.31117E+00 0.10384E-05 0.82088E+01 0.55605E-04
064x12 01  2.7000  0.3600 0.24106E+00 0.27484E-04 0.31190E+00 0.17326E-05 0.82385E+01 0.10403E-03
064x12 01  2.7000  0.3550 0.22313E+00 0.37852E-04 0.31270E+00 0.24293E-05 0.82720E+01 0.14475E-03
064x12 01  2.7000  0.3560 0.22641E+00 0.35198E-04 0.31255E+00 0.22051E-05 0.82665E+01 0.13403E-03
064x12 01  2.7000  0.3570 0.23007E+00 0.34184E-04 0.31238E+00 0.19796E-05 0.82595E+01 0.12650E-03
064x12 01  2.7000  0.3580 0.23381E+00 0.27840E-04 0.31222E+00 0.16903E-05 0.82523E+01 0.10332E-03
064x12 01  2.7000  0.3590 0.23751E+00 0.23446E-04 0.31205E+00 0.16457E-05 0.82451E+01 0.89688E-04
064x12 01  2.7000  0.3620 0.24792E+00 0.22975E-04 0.31159E+00 0.15781E-05 0.82259E+01 0.89025E-04
064x12 01  2.7000  0.3630 0.25119E+00 0.18980E-04 0.31145E+00 0.12510E-05 0.82200E+01 0.71769E-04
064x12 01  2.7000  0.3640 0.25443E+00 0.19820E-04 0.31131E+00 0.12048E-05 0.82143E+01 0.74255E-04
064x12 01  2.7000  0.3610 0.24454E+00 0.20488E-04 0.31174E+00 0.13386E-05 0.82319E+01 0.76907E-04
064x12 01  2.7000  0.3670 0.26376E+00 0.14686E-04 0.31091E+00 0.11238E-05 0.81983E+01 0.56860E-04
064x12 02  2.7000  0.3620 0.24792E+00 0.13283E-04 0.31159E+00 0.87934E-06 0.82258E+01 0.49754E-04
064x12 02  2.7000  0.3640 0.25442E+00 0.11022E-04 0.31131E+00 0.84885E-06 0.82144E+01 0.42951E-04
064x12 02  2.7000  0.3590 0.23752E+00 0.17395E-04 0.31205E+00 0.11301E-05 0.82450E+01 0.65237E-04
064x12 03  2.7000  0.3590 0.23749E+00 0.16838E-04 0.31205E+00 0.10800E-05 0.82452E+01 0.63530E-04
064x12 01  2.8000  0.3630 0.26064E+00 0.16089E-04 0.29771E+00 0.93811E-06 0.81486E+01 0.58234E-04
064x12 01  2.8000  0.3550 0.23402E+00 0.27735E-04 0.29868E+00 0.14448E-05 0.81933E+01 0.99374E-04
064x12 01  2.8000  0.3500 0.21753E+00 0.27527E-04 0.29929E+00 0.15049E-05 0.82189E+01 0.99432E-04
064x12 01  2.8000  0.3580 0.24452E+00 0.19238E-04 0.29830E+00 0.12225E-05 0.81751E+01 0.71072E-04
064x12 01  2.8000  0.3590 0.24787E+00 0.20575E-04 0.29817E+00 0.12858E-05 0.81694E+01 0.75880E-04
064x12 01  2.8000  0.3600 0.25116E+00 0.19458E-04 0.29805E+00 0.11990E-05 0.81640E+01 0.70940E-04
064x12 01  2.8000  0.3570 0.24109E+00 0.21836E-04 0.29842E+00 0.13162E-05 0.81809E+01 0.80582E-04
064x12 01  2.8000  0.3610 0.25439E+00 0.13697E-04 0.29793E+00 0.84379E-06 0.81586E+01 0.48702E-04
064x12 01  2.8000  0.3560 0.23761E+00 0.24020E-04 0.29855E+00 0.13401E-05 0.81870E+01 0.87861E-04
064x12 01  2.8000  0.3620 0.25756E+00 0.14902E-04 0.29782E+00 0.10798E-05 0.81535E+01 0.56337E-04
064x12 01  2.8000  0.3540 0.23030E+00 0.34731E-04 0.29882E+00 0.19058E-05 0.82000E+01 0.12682E-03
064x12 01  2.8000  0.3640 0.26369E+00 0.14701E-04 0.29759E+00 0.10680E-05 0.81437E+01 0.54487E-04
064x12 01  2.8000  0.3530 0.22669E+00 0.39586E-04 0.29896E+00 0.20481E-05 0.82063E+01 0.14364E-03
064x12 02  2.8000  0.3580 0.24455E+00 0.14120E-04 0.29830E+00 0.88410E-06 0.81750E+01 0.51965E-04
064x12 02  2.8000  0.3590 0.24789E+00 0.14343E-04 0.29818E+00 0.87169E-06 0.81694E+01 0.52709E-04
064x12 02  2.8000  0.3600 0.25115E+00 0.11487E-04 0.29805E+00 0.85886E-06 0.81640E+01 0.43816E-04
064x12 02  2.8000  0.3560 0.23764E+00 0.20581E-04 0.29855E+00 0.11065E-05 0.81868E+01 0.75104E-04
064x12 02  2.8000  0.3610 0.25437E+00 0.11136E-04 0.29794E+00 0.75902E-06 0.81587E+01 0.41238E-04
064x04 01  2.3000  0.4150 0.33071E+00 0.35317E-04 0.37564E+00 0.76881E-05 0.84058E+01 0.19625E-03
064x04 01  2.3000  0.4200 0.34142E+00 0.24924E-04 0.37447E+00 0.54490E-05 0.83805E+01 0.13793E-03
064x04 01  2.3000  0.4250 0.35170E+00 0.34221E-04 0.37336E+00 0.80442E-05 0.83566E+01 0.20594E-03
064x04 01  2.3000  0.4100 0.31932E+00 0.35447E-04 0.37693E+00 0.80164E-05 0.84342E+01 0.19720E-03
064x04 01  2.3000  0.4300 0.36159E+00 0.27727E-04 0.37231E+00 0.58772E-05 0.83340E+01 0.15026E-03
064x04 01  2.3000  0.4350 0.37096E+00 0.25112E-04 0.37132E+00 0.52919E-05 0.83133E+01 0.13426E-03
064x04 01  2.3000  0.4400 0.37983E+00 0.25405E-04 0.37040E+00 0.53659E-05 0.82945E+01 0.13768E-03
064x04 01  2.3000  0.4500 0.39675E+00 0.24717E-04 0.36862E+00 0.52537E-05 0.82587E+01 0.13651E-03
064x04 01  2.3000  0.4550 0.40471E+00 0.17523E-04 0.36781E+00 0.50267E-05 0.82427E+01 0.11307E-03
064x04 01  2.3000  0.4450 0.38845E+00 0.19482E-04 0.36950E+00 0.42448E-05 0.82762E+01 0.10783E-03
064x04 01  2.4000  0.3980 0.30809E+00 0.49065E-04 0.35673E+00 0.78335E-05 0.83400E+01 0.25050E-03
064x04 01  2.4000  0.4030 0.31965E+00 0.31052E-04 0.35579E+00 0.45746E-05 0.83168E+01 0.14909E-03
064x04 01  2.4000  0.4400 0.39165E+00 0.30191E-04 0.34998E+00 0.54874E-05 0.81811E+01 0.16172E-03
064x04 01  2.4000  0.4300 0.37433E+00 0.27929E-04 0.35138E+00 0.67852E-05 0.82122E+01 0.16143E-03
064x04 01  2.4000  0.4240 0.36317E+00 0.21446E-04 0.35229E+00 0.41805E-05 0.82332E+01 0.11116E-03
064x04 01  2.4000  0.4270 0.36885E+00 0.21061E-04 0.35183E+00 0.43228E-05 0.82224E+01 0.11260E-03
064x04 01  2.4000  0.4280 0.37069E+00 0.18025E-04 0.35168E+00 0.41277E-05 0.82190E+01 0.10071E-03
064x04 01  2.5000  0.3860 0.29235E+00 0.46289E-04 0.33947E+00 0.69768E-05 0.82774E+01 0.21801E-03
064x04 01  2.5000  0.3910 0.30433E+00 0.30756E-04 0.33871E+00 0.36876E-05 0.82567E+01 0.13296E-03
064x04 01  2.5000  0.4150 0.35629E+00 0.31682E-04 0.33540E+00 0.57166E-05 0.81681E+01 0.15568E-03
064x04 01  2.5000  0.4250 0.37517E+00 0.29995E-04 0.33417E+00 0.52795E-05 0.81369E+01 0.15397E-03
064x04 01  2.5000  0.4170 0.36020E+00 0.22721E-04 0.33514E+00 0.34151E-05 0.81615E+01 0.10611E-03
064x04 01  2.5000  0.4210 0.36778E+00 0.21994E-04 0.33465E+00 0.37895E-05 0.81491E+01 0.11136E-03
064x04 01  2.5000  0.4190 0.36402E+00 0.22490E-04 0.33490E+00 0.41237E-05 0.81554E+01 0.11899E-03
064x04 01  2.6000  0.3790 0.28595E+00 0.49276E-04 0.32359E+00 0.62136E-05 0.82130E+01 0.21042E-03
064x04 01  2.6000  0.3840 0.29784E+00 0.30464E-04 0.32298E+00 0.35894E-05 0.81956E+01 0.12807E-03
064x04 01  2.6000  0.4100 0.35514E+00 0.27754E-04 0.31998E+00 0.48511E-05 0.81068E+01 0.14187E-03
064x04 01  2.6000  0.4200 0.37430E+00 0.25222E-04 0.31892E+00 0.56393E-05 0.80775E+01 0.13248E-03
064x04 01  2.6000  0.4110 0.35711E+00 0.24367E-04 0.31986E+00 0.34175E-05 0.81037E+01 0.11311E-03
064x04 01  2.6000  0.4150 0.36495E+00 0.22700E-04 0.31944E+00 0.36145E-05 0.80916E+01 0.10987E-03
064x04 01  2.6000  0.4070 0.34911E+00 0.21384E-04 0.32029E+00 0.32991E-05 0.81159E+01 0.98934E-04
064x04 01  2.7000  0.3740 0.28229E+00 0.51971E-04 0.30925E+00 0.54167E-05 0.81572E+01 0.20779E-03
064x04 01  2.7000  0.3790 0.29432E+00 0.30852E-04 0.30873E+00 0.37183E-05 0.81411E+01 0.13320E-03
064x04 01  2.7000  0.4000 0.34219E+00 0.34834E-04 0.30661E+00 0.45974E-05 0.80721E+01 0.16036E-03
064x04 01  2.7000  0.4020 0.34640E+00 0.34703E-04 0.30643E+00 0.56654E-05 0.80661E+01 0.16574E-03
064x04 01  2.7000  0.4040 0.35056E+00 0.34633E-04 0.30623E+00 0.56491E-05 0.80599E+01 0.17260E-03
064x04 01  2.7000  0.4060 0.35466E+00 0.38556E-04 0.30605E+00 0.48413E-05 0.80541E+01 0.17440E-03
064x04 01  2.7000  0.4080 0.35857E+00 0.30510E-04 0.30586E+00 0.49856E-05 0.80486E+01 0.15393E-03
064x04 01  2.7000  0.4100 0.36259E+00 0.31090E-04 0.30567E+00 0.45792E-05 0.80426E+01 0.15057E-03
064x04 01  2.7000  0.3980 0.33792E+00 0.42064E-04 0.30681E+00 0.43952E-05 0.80784E+01 0.17786E-03
064x04 01  2.8000  0.3690 0.27730E+00 0.52834E-04 0.29634E+00 0.49302E-05 0.81118E+01 0.20499E-03
064x04 01  2.8000  0.3740 0.28946E+00 0.35200E-04 0.29589E+00 0.32231E-05 0.80969E+01 0.13342E-03
064x04 01  2.8000  0.4050 0.35911E+00 0.30852E-04 0.29320E+00 0.41999E-05 0.80023E+01 0.14436E-03
064x04 01  2.8000  0.3940 0.33615E+00 0.28134E-04 0.29412E+00 0.30314E-05 0.80337E+01 0.11563E-03
064x04 01  2.8000  0.4000 0.34894E+00 0.26457E-04 0.29362E+00 0.32714E-05 0.80161E+01 0.11406E-03
064x04 01  2.8000  0.3970 0.34258E+00 0.26069E-04 0.29387E+00 0.35256E-05 0.80249E+01 0.12220E-03
064x04 01  2.8000  0.4020 0.35305E+00 0.24843E-04 0.29345E+00 0.30891E-05 0.80106E+01 0.11365E-03
064x04 01  2.8000  0.4100 0.36894E+00 0.31027E-04 0.29280E+00 0.38938E-05 0.79889E+01 0.12955E-03
008x08 01  2.3000  0.3900 0.24898E+00 0.39398E-03 0.39104E+00 0.10093E-03 0.87395E+01 0.25721E-02
008x08 01  2.3000  0.3800 0.23256E+00 0.15869E-03 0.39303E+00 0.45764E-04 0.87568E+01 0.10377E-02
008x08 01  2.3000  0.4000 0.29251E+00 0.51278E-03 0.38248E+00 0.11569E-03 0.85421E+01 0.32010E-02
064x04 01  2.3000  0.4090 0.31693E+00 0.20473E-04 0.37719E+00 0.69138E-05 0.84403E+01 0.14208E-03
064x04 01  2.3000  0.4460 0.39015E+00 0.71412E-05 0.36932E+00 0.28714E-05 0.82726E+01 0.55061E-04
064x04 01  2.3000  0.4470 0.39182E+00 0.73767E-05 0.36915E+00 0.22716E-05 0.82691E+01 0.43738E-04
064x04 02  2.3000  0.4500 0.39675E+00 0.50627E-05 0.36863E+00 0.22077E-05 0.82588E+01 0.39711E-04
064x04 02  2.3000  0.4550 0.40470E+00 0.45310E-05 0.36781E+00 0.19238E-05 0.82426E+01 0.35834E-04
064x04 01  2.4000  0.3920 0.29393E+00 0.21733E-04 0.35789E+00 0.59578E-05 0.83678E+01 0.12146E-03
064x04 01  2.4000  0.4290 0.37249E+00 0.98648E-05 0.35154E+00 0.29608E-05 0.82158E+01 0.61387E-04
064x04 01  2.4000  0.4310 0.37610E+00 0.67278E-05 0.35125E+00 0.27054E-05 0.82092E+01 0.49537E-04
064x04 01  2.5000  0.3800 0.27818E+00 0.20370E-04 0.34037E+00 0.56300E-05 0.82999E+01 0.11612E-03
064x04 01  2.5000  0.4180 0.36210E+00 0.80854E-05 0.33502E+00 0.27780E-05 0.81585E+01 0.53166E-04
064x04 01  2.6000  0.3750 0.27638E+00 0.23013E-04 0.32407E+00 0.52771E-05 0.82264E+01 0.12341E-03
064x04 01  2.6000  0.4090 0.35315E+00 0.77330E-05 0.32008E+00 0.20188E-05 0.81097E+01 0.42256E-04
064x04 01  2.7000  0.3690 0.27033E+00 0.22992E-04 0.30976E+00 0.44978E-05 0.81721E+01 0.10478E-03
064x04 01  2.7000  0.4030 0.34850E+00 0.83155E-05 0.30633E+00 0.23497E-05 0.80629E+01 0.53921E-04
064x04 01  2.7000  0.4050 0.35259E+00 0.84721E-05 0.30614E+00 0.23093E-05 0.80571E+01 0.47359E-04
064x04 01  2.8000  0.3640 0.26537E+00 0.25150E-04 0.29676E+00 0.47192E-05 0.81248E+01 0.12132E-03
064x04 01  2.8000  0.4010 0.35099E+00 0.78459E-05 0.29353E+00 0.20478E-05 0.80133E+01 0.44232E-04
064x04 01  2.8000  0.4020 0.35303E+00 0.86808E-05 0.29345E+00 0.24084E-05 0.80107E+01 0.52887E-04
064x04 02  2.8000  0.3940 0.33613E+00 0.58017E-05 0.29412E+00 0.16427E-05 0.80337E+01 0.33300E-04
064x04 02  2.8000  0.4000 0.34892E+00 0.73128E-05 0.29362E+00 0.13735E-05 0.80162E+01 0.37112E-04
064x16 01  2.3000  0.4090 0.31882E+00 0.25520E-05 0.37889E+00 0.85767E-06 0.84575E+01 0.17615E-04
064x16 01  2.4000  0.3920 0.29566E+00 0.31575E-05 0.35925E+00 0.81231E-06 0.83820E+01 0.19132E-04
064x16 01  2.5000  0.3800 0.27856E+00 0.33341E-05 0.34156E+00 0.72519E-06 0.83166E+01 0.16810E-04
064x16 01  2.6000  0.3750 0.27693E+00 0.32084E-05 0.32506E+00 0.60298E-06 0.82401E+01 0.16066E-04
064x16 01  2.7000  0.3690 0.26992E+00 0.38337E-05 0.31065E+00 0.62320E-06 0.81877E+01 0.16928E-04
064x16 01  2.8000  0.3640 0.26393E+00 0.35506E-05 0.29759E+00 0.57572E-06 0.81430E+01 0.16660E-04
064x12 01  2.9000  0.3590 0.25612E+00 0.66168E-05 0.28576E+00 0.88922E-06 0.81087E+01 0.26899E-04
064x12 01  2.9000  0.3540 0.23956E+00 0.89967E-05 0.28628E+00 0.87104E-06 0.81349E+01 0.35558E-04
064x12 01  2.9000  0.3490 0.22159E+00 0.17793E-04 0.28685E+00 0.10882E-05 0.81645E+01 0.63352E-04
064x12 01  3.0000  0.3540 0.24705E+00 0.87064E-05 0.27495E+00 0.86657E-06 0.80814E+01 0.32228E-04
064x12 01  3.0000  0.3500 0.23319E+00 0.10837E-04 0.27533E+00 0.10120E-05 0.81030E+01 0.42317E-04
064x12 01  3.0000  0.3460 0.21888E+00 0.13920E-04 0.27572E+00 0.95071E-06 0.81251E+01 0.48980E-04
064x08 01  2.4000  0.3860 0.27796E+00 0.90888E-05 0.36079E+00 0.18004E-05 0.84251E+01 0.48533E-04
064x08 01  2.4000  0.3845 0.27325E+00 0.48657E-05 0.36125E+00 0.96447E-06 0.84375E+01 0.26333E-04
064x08 01  2.3000  0.4070 0.31346E+00 0.61486E-05 0.37949E+00 0.17063E-05 0.84723E+01 0.38299E-04
064x08 01  2.3000  0.4055 0.30947E+00 0.30015E-05 0.38001E+00 0.93217E-06 0.84843E+01 0.19247E-04
064x08 01  2.8000  0.3540 0.23067E+00 0.12959E-04 0.29876E+00 0.12534E-05 0.81979E+01 0.49501E-04
064x08 01  2.8000  0.3520 0.22493E+00 0.75009E-05 0.29897E+00 0.70952E-06 0.82052E+01 0.30189E-04
064x08 01  2.8000  0.3530 0.22770E+00 0.56807E-05 0.29887E+00 0.63779E-06 0.82020E+01 0.22221E-04
064x08 02  2.8000  0.3530 0.22770E+00 0.76126E-05 0.29887E+00 0.57449E-06 0.82020E+01 0.27791E-04
064x08 03  2.8000  0.3530 0.22771E+00 0.66747E-05 0.29887E+00 0.66473E-06 0.82019E+01 0.26060E-04
064x12 01  2.4000  0.3860 0.27859E+00 0.68694E-05 0.36082E+00 0.14887E-05 0.84236E+01 0.37884E-04
064x12 01  2.4000  0.3845 0.27391E+00 0.43285E-05 0.36129E+00 0.99423E-06 0.84360E+01 0.24079E-04
064x08 02  2.6000  0.3635 0.23986E+00 0.64701E-05 0.32697E+00 0.90342E-06 0.83112E+01 0.28966E-04
064x08 01  2.6000  0.3625 0.23663E+00 0.82950E-05 0.32715E+00 0.85026E-06 0.83172E+01 0.35154E-04
064x08 02  2.6000  0.3625 0.23664E+00 0.66538E-05 0.32714E+00 0.78623E-06 0.83172E+01 0.28772E-04
064x08 03  2.6000  0.3625 0.23663E+00 0.62243E-05 0.32715E+00 0.69927E-06 0.83173E+01 0.25567E-04
064x08 02  2.7000  0.3580 0.23388E+00 0.62119E-05 0.31216E+00 0.68894E-06 0.82512E+01 0.25911E-04
064x08 01  2.7000  0.3570 0.23084E+00 0.76043E-05 0.31229E+00 0.71829E-06 0.82559E+01 0.29043E-04
064x08 02  2.7000  0.3570 0.23085E+00 0.65880E-05 0.31229E+00 0.66554E-06 0.82558E+01 0.26486E-04
064x08 03  2.7000  0.3570 0.23083E+00 0.65165E-05 0.31229E+00 0.65499E-06 0.82559E+01 0.25203E-04
064x12 02  2.6000  0.3635 0.24032E+00 0.39876E-05 0.32701E+00 0.41189E-06 0.83105E+01 0.16757E-04
064x12 01  2.6000  0.3625 0.23652E+00 0.96123E-05 0.32722E+00 0.10221E-05 0.83188E+01 0.39746E-04
064x12 02  2.6000  0.3625 0.23652E+00 0.95946E-05 0.32722E+00 0.10151E-05 0.83188E+01 0.40743E-04
064x12 03  2.6000  0.3625 0.23652E+00 0.94056E-05 0.32722E+00 0.89312E-06 0.83188E+01 0.38780E-04
064x12 02  2.7000  0.3580 0.23382E+00 0.53662E-05 0.31222E+00 0.42271E-06 0.82523E+01 0.20694E-04
064x12 01  2.7000  0.3570 0.23006E+00 0.13401E-04 0.31239E+00 0.96962E-06 0.82596E+01 0.51729E-04
064x12 02  2.7000  0.3570 0.23007E+00 0.11186E-04 0.31238E+00 0.93635E-06 0.82596E+01 0.44238E-04
064x12 03  2.7000  0.3570 0.23007E+00 0.12332E-04 0.31239E+00 0.82194E-06 0.82596E+01 0.45680E-04
064x08 01  2.5000  0.3715 0.25102E+00 0.55110E-05 0.34338E+00 0.89433E-06 0.83767E+01 0.26497E-04
064x12 01  2.5000  0.3715 0.25189E+00 0.70773E-05 0.34340E+00 0.97178E-06 0.83744E+01 0.32308E-04
064x12 01  2.8000  0.3520 0.22315E+00 0.13161E-04 0.29909E+00 0.83597E-06 0.82123E+01 0.48625E-04
064x12 01  2.8000  0.3530 0.22663E+00 0.10879E-04 0.29896E+00 0.75517E-06 0.82065E+01 0.39956E-04
064x12 02  2.8000  0.3530 0.22665E+00 0.97591E-05 0.29896E+00 0.72638E-06 0.82064E+01 0.35957E-04
064x12 03  2.8000  0.3530 0.22664E+00 0.98712E-05 0.29896E+00 0.75303E-06 0.82065E+01 0.36007E-04
064x12 01  2.3000  0.4055 0.30971E+00 0.37941E-05 0.38007E+00 0.11567E-05 0.84843E+01 0.26371E-04
