#   17
   0.0     1.00000        0.134278E-03
   1.0    0.978183E-01    0.910782E-04
   2.0    0.285116E-01    0.881564E-04
   3.0    0.106366E-01    0.794705E-04
   4.0    0.405558E-02    0.846332E-04
   5.0    0.164968E-02    0.706413E-04
   6.0    0.576608E-03    0.776892E-04
   7.0    0.120363E-03    0.867794E-04
   8.0    0.355917E-04    0.757515E-04
   9.0    0.428095E-04    0.692604E-04
  10.0    0.468653E-04    0.903504E-04
  11.0   -0.651285E-04    0.801559E-04
  12.0    0.525397E-04    0.821481E-04
  13.0    0.933668E-04    0.856209E-04
  14.0    0.157027E-03    0.794568E-04
  15.0    0.108709E-03    0.817582E-04
  16.0    0.119233E-05    0.649189E-04
